节	题目ID	难度
内置函数	308991	3
	309003	3
	11181581	4
	352868	5
语言特性	11506434	9
	11505043	8
	11506532	8
模拟和枚举	11102672	8
	11094196	8
	11102676	11
	11087585	7
	11102358	9
	11101970	10
	11103046	10
构造	11006150	5
	11087572	4
	11269123	14
	11286393	12
	11311623	7
	11214303	8
	11214244	4
贪心和排序	11297360	8
	11311616	9
	11480628	5
	11351169	6
	11276679	8
		
		
		
		
		
		
		
		
		
		
		
		
		
		
		
		
		
		
		
		
		
		
		
		
		
		
		
		
		
		
		
		
		
		
		
		
		
		
		
		
		
		
		
		
		
		
		
		
		
		
		
		
		
		
		
		
		
		
		
		
		
		
		
		
		
		
		
		
		
		
		
		
		
		
		
		
		
		
		
		
		
		
		
		
		
		
		
		
		
		
		
		
		
		
		
		
		
		
		
		
		
		
		
		
		
		
		
		
		
		
		
		
		
		
		
		
		
		
		
		
		
		
		
		
		
		
		
		
		
		
		
		
		
		
		
		
		
		
		
		
		
		
		
		
		
		
		
		
		
		
		
		
		
		
		
		
		
		
		
		
		
		
		
		
		
		
		
		
		
		
		
		
		
		
		
		
		
		
		
		
		
		
		
		